[[-0.41102746 -0.56850319  0.43238743  0.98632226  0.33261734  0.31940725  0.38082769  0.23325745  0.50350055 -0.25882131 -0.02882674  0.49616335  0.45846525  0.65166542 -0.19433563  0.1083291  -0.62108159 -0.06624398  0.44823697  0.30505565]
 [ 0.12440337  0.62817332 -0.53534498 -0.00375196  0.17310407  0.2734581   0.0647403   0.3822361  -0.22552331 -0.10192471 -0.06862871 -0.41395073  0.77609974  0.3039595   0.65388731  0.36226932 -0.14463571 -0.8364518   0.60792881 -0.68357936]
 [ 0.12664918  0.16682643  0.58707045  0.15027562 -0.84302567  0.49334253  0.80398318 -0.48989906  0.34439881 -0.12940953  0.11578118 -0.46687342  0.16510095 -0.52567756 -0.33694801  0.76709725  0.18847381  0.27590828  0.221111   -0.46431308]
 [-0.87705683 -0.28677777  0.2547404   0.00734152  0.32241144 -0.68833101  0.20228751 -0.74544917 -0.58339979 -0.54089703  0.39578351 -0.60356079 -0.28182165  0.05629577  0.51563976  0.06911471  0.15130134 -0.01534308  0.59955412  0.13970754]
 [ 0.17410207 -0.41488534 -0.34191005 -0.0672136  -0.21156385 -0.32559674  0.40431395 -0.06157088  0.48647773 -0.78313885 -0.90796985  0.01450189  0.28424821  0.45103735  0.39401361 -0.51362507  0.73138478  0.46861426 -0.1454337  -0.45227809]]


[[ 1.          0.51223374 -0.45291889 -0.40498096 -0.5415555   0.51223374 -0.15367867  0.5327126   0.40498096  0.41536461 -0.48722953  0.21731916  0.22567932 -0.26746348 -0.26509791 -0.05234719  0.2557942   0.0531577  -0.63176913 -0.4705047 ]
 [ 0.51223374  1.         -0.41536461 -0.51223374 -0.22567932  0.40498096 -0.26746348  0.26509791 -0.40498096  0.5415555   0.2557942  -0.45291889  0.21731916 -0.4705047   0.15367867  0.48722953 -0.0531577  -0.63176913  0.05234719 -0.5327126 ]
 [-0.45291889 -0.41536461  1.          0.5415555  -0.28929928  0.21731916  0.51529328 -0.56022017  0.22567932 -0.00334399  0.50351349  0.00334399 -0.28929928 -0.32943442 -0.63525873  0.49646109 -0.29199571  0.41699238  0.20062403  0.4154961 ]
 [-0.40498096 -0.51223374  0.5415555   1.          0.21731916  0.40498096  0.4705047   0.15367867  0.51223374 -0.22567932  0.0531577   0.41536461  0.45291889  0.5327126  -0.26746348  0.2557942  -0.63176913 -0.05234719  0.48722953  0.26509791]
 [-0.5415555  -0.22567932 -0.28929928  0.21731916  1.         -0.41536461 -0.56022017  0.32943442 -0.45291889 -0.00334399  0.20062404  0.28929928 -0.00334399  0.63525873  0.4154961  -0.41699238 -0.49646109 -0.50351349  0.29199571  0.51529328]
 [ 0.51223374  0.40498096  0.21731916  0.40498096 -0.41536461  1.          0.26509791  0.4705047   0.51223374  0.45291889  0.05234719  0.22567932  0.5415555  -0.15367867 -0.5327126   0.63176913 -0.48722953 -0.2557942   0.0531577  -0.26746348]
 [-0.15367867 -0.26746348  0.51529328  0.4705047  -0.56022017  0.26509791  1.         -0.45598265  0.5327126  -0.63525873 -0.20937776 -0.32943442  0.4154961   0.03896338 -0.03896338  0.48775669  0.23195639  0.3288095   0.4503095  -0.45598265]
 [ 0.5327126   0.26509791 -0.56022017  0.15367867  0.32943442  0.4705047  -0.45598265  1.          0.26746348  0.4154961  -0.3288095   0.63525873  0.51529328  0.45598265 -0.03896338 -0.23195639 -0.4503095  -0.48775669 -0.20937776 -0.03896338]
 [ 0.40498096 -0.40498096  0.22567932  0.51223374 -0.45291889  0.51223374  0.5327126   0.26746348  1.         -0.21731916 -0.63176913  0.5415555   0.41536461  0.26509791 -0.4705047  -0.0531577   0.05234719  0.48722953 -0.2557942  -0.15367867]
 [ 0.41536461  0.5415555  -0.00334399 -0.22567932 -0.00334399  0.45291889 -0.63525873  0.4154961  -0.21731916  1.          0.49646109  0.28929928 -0.28929928 -0.51529328 -0.56022017  0.20062404 -0.50351349 -0.29199571 -0.41699238  0.32943442]
 [-0.48722953  0.2557942   0.50351349  0.0531577   0.20062404  0.05234719 -0.20937776 -0.3288095  -0.63176913  0.49646109  1.         -0.29199571 -0.41699238 -0.48775669 -0.23195639  0.55454111 -0.55454111 -0.34030096  0.34030096  0.4503095 ]
 [ 0.21731916 -0.45291889  0.00334399  0.41536461  0.28929928  0.22567932 -0.32943442  0.63525873  0.5415555   0.28929928 -0.29199571  1.          0.00334399  0.4154961  -0.51529328 -0.50351349 -0.41699238  0.20062404 -0.49646109  0.56022017]
 [ 0.22567932  0.21731916 -0.28929928  0.45291889 -0.00334399  0.5415555   0.4154961   0.51529328  0.41536461 -0.28929928 -0.41699238  0.00334399  1.          0.56022017  0.32943442  0.29199571 -0.20062404 -0.49646109  0.50351349 -0.63525873]
 [-0.26746348 -0.4705047  -0.32943442  0.5327126   0.63525873 -0.15367867  0.03896338  0.45598265  0.26509791 -0.51529328 -0.48775669  0.4154961   0.56022017  1.          0.45598265 -0.4503095  -0.20937776 -0.23195639  0.3288095   0.03896338]
 [-0.26509791  0.15367867 -0.63525873 -0.26746348  0.4154961  -0.5327126  -0.03896338 -0.03896338 -0.4705047  -0.56022017 -0.23195639 -0.51529328  0.32943442  0.45598265  1.         -0.20937776  0.3288095  -0.4503095   0.48775669 -0.45598265]
 [-0.05234719  0.48722953  0.49646109  0.2557942  -0.41699238  0.63176913  0.48775669 -0.23195639 -0.0531577   0.20062404  0.55454111 -0.50351349  0.29199571 -0.4503095  -0.20937776  1.         -0.34030096 -0.34030096  0.55454111 -0.3288095 ]
 [ 0.2557942  -0.0531577  -0.29199571 -0.63176913 -0.49646109 -0.48722953  0.23195639 -0.4503095   0.05234719 -0.50351349 -0.55454111 -0.41699238 -0.20062404 -0.20937776  0.3288095  -0.34030096  1.          0.55454111 -0.34030096 -0.48775669]
 [ 0.0531577  -0.63176913  0.41699238 -0.05234719 -0.50351349 -0.2557942   0.3288095  -0.48775669  0.48722953 -0.29199571 -0.34030096  0.20062404 -0.49646109 -0.23195639 -0.4503095  -0.34030096  0.55454111  1.         -0.55454111  0.20937776]
 [-0.63176913  0.05234719  0.20062403  0.48722953  0.29199571  0.0531577   0.4503095  -0.20937776 -0.2557942  -0.41699238  0.34030096 -0.49646109  0.50351349  0.3288095   0.48775669  0.55454111 -0.34030096 -0.55454111  1.         -0.23195639]
 [-0.4705047  -0.5327126   0.4154961   0.26509791  0.51529328 -0.26746348 -0.45598265 -0.03896338 -0.15367867  0.32943442  0.4503095   0.56022017 -0.63525873  0.03896338 -0.45598265 -0.3288095  -0.48775669  0.20937776 -0.23195639  1.        ]]
