[1.0,0.4478932724035233,0.3761998527822016,-0.45030536920279723,-0.36619185998704884,0.03931948117128478,-0.29986760335017204,-0.08153545133850171,-0.38353813922615504,-0.21175480398077356,0.04663902504882062,-0.5134295470963116,0.31114507868146146,0.3824655328522544,-0.3815701623914007,-0.06355545872289106,0.4448145684391318,-0.3220359690587201,0.3671501447616007,-0.3165655096664938,0.2028223805237601,-0.346610066787736,-0.26237770121530984,0.34792263390057887,0.36030956540680653,-0.30814789061549946,-0.28706645535783337,0.19803266210338236,-0.22615160475678242,0.19765878527324904,0.288187834040219,0.30387808455222015,0.053602350326518715,0.4542487920336429,-0.29562197162993287,0.41780857764597046,-0.09454174265211773,0.06089627585424944,-0.45629270771760816,-0.36491100267960436,-0.4493131604192954,-0.4296404378962138,0.531093415201569,0.5775323192656456,-0.18041413548966345,0.05922930874038588,-0.14980135943421052,0.07258093902417632,-0.4325166098370555,0.03438931834839776,-0.41035534293505854;
 0.4478932724035233,0.9999999999999999,0.18682029028513925,-0.500030385848225,-0.2096000878183829,-0.27956693379494124,-0.21160812794181022,-0.3893634560842609,-0.26534472586163016,-0.15112330524595655,-0.4497407140519463,-0.27525900626478994,0.45275351371723377,-0.21431597559677462,-0.3894234614315181,-0.2534785799275807,0.3800980454939386,-0.5094553649504434,0.42210306766941547,0.2550915939190019,-0.22855499539726065,-0.40645167382669717,-0.45905616949827305,-0.12767079836704068,0.25962761831441866,-0.047016158897641526,0.20075716484937725,-0.3113745319457942,-0.2584831163757426,-0.28806105985602287,-0.5179110408304889,-0.2918023955210011,0.2885178292445675,0.004229541970239782,-0.3126434263862701,0.4441363077330362,0.39258545101917525,0.3141999591698442,-0.1763340327383886,-0.08891317673295708,0.43361475545407646,-0.5250495182229138,0.03239987089270499,0.005456699623714349,0.07891748695495988,0.41109515565323934,-0.4806821583182799,0.24755845620668618,-0.3075671276780594,-0.47532647643337117,-0.0901073454874558;
 0.3761998527822016,0.18682029028513925,1.0000000000000002,-0.23012745282518607,0.18667454095345998,0.300739694744999,0.23837593406498728,0.2099066764719839,-0.523798143757497,-0.45575745802933,-0.2646473818688315,-0.45000917795670525,0.11744312453603971,-0.3770893836958382,-0.3237468675579807,0.2861945210735498,0.12532661028968262,0.04584150407844974,-0.3267750795795989,-0.3766004841922738,0.18642420409062488,0.3492024520429283,0.47597548619969066,-0.01157438389787032,0.2742107396188572,-0.20487739303639868,-0.3496694133925387,-0.2953153422933369,0.35693364959945034,0.32201078266563693,0.45128349841661947,0.1876409464217568,-0.5262029928814184,0.1392875004847627,-0.31773229443172724,0.1687382041242419,0.32230502351922763,0.3731967971037412,0.38564876116295094,-0.4256822800104003,-0.191082171570521,-0.42516175933454464,0.43017972916656505,-0.09848530042703177,-0.1926263350299804,0.23945923811604164,-0.34761917030950534,0.27658623439272556,-0.5781715069224065,-0.5523199742591304,0.18368585229309625;
 -0.45030536920279723,-0.500030385848225,-0.23012745282518607,1.0,0.41435327936501404,-0.4409407109384143,0.20730391051539418,0.23699895982798463,-0.18846576276081559,0.3344919906379882,-0.05016971883208704,-0.04013212566563067,-0.13231270558752445,-0.06030296737196945,0.28595428126018657,0.4215685858605558,0.2604294884320506,0.07967090042129549,-0.2186687897008836,-0.3106167986969176,-0.04906271510805723,0.30597965441783137,0.3524593043565488,0.3125352070942868,-0.3113102871451799,0.5241798276787022,0.06587969191747207,-0.4953149704379565,-0.32370140416271337,-0.2608718551173483,-0.15425178417094118,0.4200133539347847,-0.473058612480628,-0.2588322647676694,-0.2744316670492194,-0.3012733992770761,-0.20465607448153175,-0.5603403234652711,-0.24244952884955534,0.49151283514523325,-0.2397506862333221,0.2904786837873146,-0.382889568136232,-0.3133266632250517,-0.4479615242342768,-0.5024952184342618,0.02695540409514213,-0.2876236501816926,0.4064594167652995,0.3485212911217435,0.3434826563922853;
 -0.36619185998704884,-0.2096000878183829,0.18667454095345998,0.41435327936501404,1.0,-0.2556093408086259,0.2877646161933936,0.3682974186385674,-0.1603508807250926,-0.3072186441614255,-0.4864012438270366,-0.3926564083981979,-0.41982211195565355,-0.20775907954785147,0.297839216857895,0.4145863362312289,-0.18287666063059663,-0.0946374320526665,-0.45166854155900316,0.179628719014415,-0.5223594511154924,-0.17788253441283225,0.4943778769245785,0.4061276558365721,-0.286412408733563,-0.24139896704470512,-0.3323606800529964,-0.4896518640566217,-0.17292081015502353,-0.313939735017093,0.20867687324797482,0.4399313218604335,-0.3616103463342165,-0.26143579214025575,-0.09274447493285257,-0.2262368668975681,-0.015228413793135715,-0.2653542291637929,0.503590791919847,-0.11246177848268686,0.25213056079094354,-0.37106100546661164,-0.4067204964801007,-0.2973536669824694,0.15995643049716501,0.045472482190643676,0.4642065018817753,0.5311553329587877,0.4850688444561786,-0.2243831437785611,0.07342777702981851;
 0.03931948117128478,-0.27956693379494124,0.300739694744999,-0.4409407109384143,-0.2556093408086259,1.0000000000000002,0.04857508017081322,-0.36133022067627785,0.2534184848735639,-0.5148386276677085,0.4832502463070689,0.46655877517138955,0.21839075482700004,-0.3412087442895666,-0.22323302553408933,0.25944978883364017,-0.4068491508444959,0.49158570418271597,-0.33664514114579774,-0.4080946997482324,0.19804484481918638,0.3886449289147532,0.2111242675886027,-0.4126536225437415,-0.2446748556845428,-0.1069852924480289,-0.31938606440114725,0.41135563516461326,0.3131103264481145,0.45301202797739737,0.4854534438455488,-0.07173532353646701,0.21792115061749967,0.4555015467810304,0.14529696261980046,-0.4741463907558511,0.07216571148503,0.43494962717577235,0.42017246050213575,-0.14687522640227585,-0.054519866503494434,-0.11484604247094234,0.21453005185913498,0.436617864848731,0.42671718249399954,0.2620080906438536,0.23216314921871262,-0.19903783360805827,-0.5008315580044118,0.14669764685192532,-0.09385483124780339;
 -0.29986760335017204,-0.21160812794181022,0.23837593406498728,0.20730391051539418,0.2877646161933936,0.04857508017081322,1.0000000000000004,0.485918428017046,-0.335895457798967,-0.45375312482055774,0.38877029511485156,-0.03029421511315723,0.2155595932282935,-0.22254389099542807,-0.3416811442795148,-0.22321330476713389,-0.5613836174253288,-0.4557581131494037,-0.4366369766480101,-0.2115615153538184,-0.12757590424889897,0.5180807487458367,0.4891599544909035,-0.31450099046196894,-0.4213831660423951,-0.1272081195145804,0.44512298482763296,-0.4734027161267984,0.19772610761183324,0.04993805902478893,0.2221412891634765,0.4024374060881784,0.02555950367317317,-0.3289486249187388,0.16734978541471507,-0.12498637655477055,-0.27100620098324973,0.398054958533644,0.09942976866540566,0.45135339667251145,0.311966212306858,0.203720180022518,0.46403418362363796,-0.3622612743610957,-0.3587271591015614,-0.35808059943007453,-0.1230496173464911,0.3181513911342946,0.4093413837378046,-0.42355268227776927,-0.1795834841864931;
 -0.08153545133850171,-0.3893634560842609,0.2099066764719839,0.23699895982798463,0.3682974186385674,-0.36133022067627785,0.485918428017046,1.0000000000000002,-0.2741093694893452,0.16788866481855352,-0.0008537669805538285,-0.43902523576959734,-0.5273392138084033,0.47854796973638203,0.2303966584783268,-0.3158200292686766,-0.2691023202466564,-0.20526608886935277,-0.24141588326611632,0.17920107199622917,0.1924291952287581,0.12732870343600433,0.35739585240735666,0.29913601263405437,0.25896301399296534,-0.3722292905060702,0.11522788596911983,-0.023179700272611355,0.46742973621555123,0.16857066484720026,0.4715758800294404,0.30649168460244364,-0.49257869391567105,-0.3449297492866764,0.35119025576845725,0.414205675647018,-0.2776726967867096,-0.06434520451181996,0.09481039544432701,-0.21191782223720768,-0.25765853147397805,0.3828790425706447,0.4459877476267265,-0.4780071979295652,-0.48327688527070567,-0.4411495333946405,0.004592780771737516,0.4584222749007931,0.46578799180873554,-0.33010005077934723,-0.06209497052332828;
 -0.38353813922615504,-0.26534472586163016,-0.523798143757497,-0.18846576276081559,-0.1603508807250926,0.2534184848735639,-0.335895457798967,-0.2741093694893452,1.0,0.16839335237671357,0.11655661529983256,0.31399195872525726,-0.49028078420103677,0.08357933975841254,0.013810707590931488,-0.247634876748526,-0.45968515039526125,0.3975775572059433,0.43112862413766445,0.40671507685398967,-0.3475892794905877,-0.208646053285027,0.07597330953239397,-0.4310943952799862,0.15477219306007442,-0.25925304149925626,-0.2437983917541412,0.5606585339191623,0.15055913039430885,0.42034104074192,-0.22062310066118374,-0.4391955133166171,0.4343317799093789,-0.36508363757507084,0.11672923752010989,-0.49514721390216215,-0.33585575410010726,-0.3689902299950309,0.27865041119672374,0.1130658326473878,0.08426250991435161,0.38871599223342107,-0.38122562228753176,0.3016731908416243,0.34207160987131835,0.5212492874019393,0.3662102311482133,-0.43831903259938165,0.07317765611945166,0.15681741985964856,0.27975673158641595;
 -0.21175480398077356,-0.15112330524595655,-0.45575745802933,0.3344919906379882,-0.3072186441614255,-0.5148386276677085,-0.45375312482055774,0.16788866481855352,0.16839335237671357,1.0000000000000002,-0.1895772485921133,0.16440866623805372,-0.37238353850757205,0.40359831197432516,0.5442748877001521,-0.18254894052789628,0.41901007305415344,0.3326080408650555,0.2777300158620347,0.3123354887084523,0.45015420086267766,0.00690208674713938,-0.3564231061777168,0.1679300608170347,0.4561754431340704,0.4529388179178821,0.2638752579263271,0.24606435692502507,0.19455116855737042,-0.09636800717909742,-0.38186502704524583,-0.4709229603655151,-0.34139774686698515,-0.16310215972760456,0.16930993560929405,0.3939407575498051,0.1420506254943549,-0.384848438982726,-0.3075756163168383,-0.04975367186388047,-0.34871131679269335,0.6059154672311962,-0.24264704450527233,-0.3902733677374408,-0.2793548869603541,-0.29010132725722143,-0.2859641827439424,-0.3518191829619132,0.055552057960457,0.27374863955225004,0.39587679838974243;
 0.04663902504882062,-0.4497407140519463,-0.2646473818688315,-0.05016971883208704,-0.4864012438270366,0.4832502463070689,0.38877029511485156,-0.0008537669805538285,0.11655661529983256,-0.1895772485921133,1.0,0.4543368904923672,0.3529446738820359,0.2502874846948447,-0.2762053902290838,-0.2549472790503677,-0.4424912788695361,-0.06726901962309566,-0.08232688856220388,-0.4530068703257852,0.27428207739900984,0.37382177876358846,-0.01290820315908212,-0.2870269213952198,-0.4132753235768391,0.0026965747305828292,0.29691964677081784,0.3801584124673474,0.056674535906127164,0.30751838034100226,0.3329433355958715,0.2570669418018702,0.4611866660063718,0.23542107216746233,0.34741616750328,-0.27410313625575833,-0.5156031333249347,0.24103697397473897,-0.3612804737914722,0.42229501823741583,-0.1750910370625076,0.4443084067716682,0.52939385564569,0.38446270463317533,-0.13384518524294026,-0.45568031641168416,0.14948218628073592,-0.2969419549972708,0.135524735115032,0.41616203247088907,-0.4730035714852278;
 -0.5134295470963116,-0.27525900626478994,-0.45000917795670525,-0.04013212566563067,-0.3926564083981979,0.46655877517138955,-0.03029421511315723,-0.43902523576959734,0.31399195872525726,0.16440866623805372,0.4543368904923672,1.0000000000000002,0.28442192041491354,-0.2683951290855868,0.2920175203524107,0.06352306488961487,-0.25033296733584054,0.4649627772356807,-0.33347115225269397,-0.012873345720587563,0.33194359440660676,0.3855488485949851,-0.3534251212553045,-0.4199123499500207,-0.4820826516923211,0.5415787648580823,0.41384902479834274,0.2945359216229793,0.16863124957715342,-0.20163002696098262,-0.15740514469954583,-0.48866579133638716,0.3366583874343439,0.32414766985978183,0.5097017485988188,-0.27527952639817505,0.305483830945446,0.38738860141866893,0.09613448251487133,0.2289810974421725,0.28955987919728227,0.3108962233847893,-0.21769108884926847,-0.09645064240770328,0.4556966600043424,-0.20178329943743267,0.08823178974618807,-0.2971982202313707,-0.046642036263132,0.4241522942497943,-0.04689874009296841;
 0.31114507868146146,0.45275351371723377,0.11744312453603971,-0.13231270558752445,-0.41982211195565355,0.21839075482700004,0.2155595932282935,-0.5273392138084033,-0.49028078420103677,-0.37238353850757205,0.3529446738820359,0.28442192041491354,1.0000000000000002,-0.3921626996778856,-0.4725168855383505,0.09378918086263183,0.2537807881271747,-0.35447829195861824,-0.08929040795912767,-0.5362184482284357,0.13975187785615964,0.26359897594768095,-0.33013672803859495,-0.2393033204043194,-0.4617046709303784,0.4396865588657359,0.42923361920775494,-0.35482030791813796,-0.3826443016377629,-0.29871577720070774,-0.20717309820821425,0.1146742937330269,0.36597863596056496,0.44545738526164685,-0.19699489041927726,-0.005209932990979035,0.22551663479237508,0.5542337982803288,-0.4482628004272343,0.39862160685348375,0.24658735698895287,-0.31682882857308153,0.2637620101290894,0.18272470480473432,-0.035525229581001176,-0.20244886793232855,-0.3874295900131621,-0.10094399784688038,-0.2999732785869052,0.0883922163705496,-0.34682708188264105;
 0.3824655328522544,-0.21431597559677462,-0.3770893836958382,-0.06030296737196945,-0.20775907954785147,-0.3412087442895666,-0.22254389099542807,0.47854796973638203,0.08357933975841254,0.40359831197432516,0.2502874846948447,-0.2683951290855868,-0.3921626996778856,1.0000000000000002,0.2609247485950975,-0.4610689063890224,0.008586679277722175,-0.20337952420994604,0.35286159386299476,0.235519402150313,0.24022723700730483,-0.46180288207864073,-0.32612512934491583,0.5048521327851785,0.3319691998876499,-0.3784647444742607,0.0029763641223538788,0.5898812137206694,0.009324739208969455,0.12579970375234253,0.3015040177310499,0.1951195286766631,0.060890270137209435,0.05822496042544635,0.3722250053929559,0.4534832482216902,-0.49941424082852154,-0.3421543926477182,-0.4696145940081329,-0.25054892573516874,-0.4860675131534744,0.3410567865270422,0.3378039081973377,0.23183752673048008,-0.21635976542225277,-0.3958111265976251,0.2716261399549039,0.10295880196826608,0.3829113818099983,0.31954409692800717,-0.4491970612854287;
 -0.3815701623914007,-0.3894234614315181,-0.3237468675579807,0.28595428126018657,0.297839216857895,-0.22323302553408933,-0.3416811442795148,0.2303966584783268,0.013810707590931488,0.5442748877001521,-0.2762053902290838,0.2920175203524107,-0.4725168855383505,0.2609247485950975,0.9999999999999999,0.2874502451085102,0.12608366742485627,0.4663122912963531,-0.4398019684907621,0.3894552338415102,0.3448303993211982,-0.15480153076725775,-0.32129540008874563,0.5576461167765219,-0.08064628265488409,0.27618490436813936,-0.006060112669223787,0.24878137058194802,0.12942957161295932,-0.4954938987935715,0.14234595484608087,-0.20719724851518573,-0.3951558160764617,0.27026169108012776,0.5428269862870985,0.24110925370433303,0.3851738987110024,-0.15704180726290567,0.21822750561963564,-0.44862031100437016,-0.06727309944311803,0.08783939218801877,-0.45909656108156965,-0.4084644276291001,0.3810033993471252,-0.3749161141145808,0.39624446106882105,0.2522588590512371,0.30189776699997783,0.39215310134136017,-0.010225103839568553;
 -0.06355545872289106,-0.2534785799275807,0.2861945210735498,0.4215685858605558,0.4145863362312289,0.25944978883364017,-0.22321330476713389,-0.3158200292686766,-0.247634876748526,-0.18254894052789628,-0.2549472790503677,0.06352306488961487,0.09378918086263183,-0.4610689063890224,0.2874502451085102,1.0,0.4021569809767103,0.4975129091190383,-0.5098141184174508,-0.5153024188010983,0.04260116891638759,0.17669022900564488,0.25026022334787673,0.3974738374611964,-0.37341812257918383,0.41828658353120846,-0.5438127141811296,-0.27949026943978666,-0.33160390374673765,-0.24630410906751704,0.2144461589516836,0.31434187698383503,-0.46606041367326,0.4635394644994031,-0.3838079989906022,-0.4286091125619629,0.3391570306245891,-0.19574396164039803,0.23140444901797624,-0.13987275305299654,-0.21817057391888853,-0.5014557446747531,-0.4855940018397273,0.12028116781620662,0.25714883174762326,0.0016359017682938102,0.27198992935079486,-0.1375113760795992,-0.2911682331380307,0.40869296630142754,0.2211470803428317;
 0.4448145684391318,0.3800980454939386,0.12532661028968262,0.2604294884320506,-0.18287666063059663,-0.4068491508444959,-0.5613836174253288,-0.2691023202466564,-0.45968515039526125,0.41901007305415344,-0.4424912788695361,-0.25033296733584054,0.2537807881271747,0.008586679277722175,0.12608366742485627,0.4021569809767103,0.9999999999999998,0.06707172725047868,0.2224385928635028,-0.2798789475828671,0.30478964440768586,-0.11445249378217728,-0.33703928595931965,0.4697409281226931,0.2836280518686335,0.5429798386152146,-0.11110155799032068,-0.25265803569600026,-0.4016608032015688,-0.3082438117821639,-0.309843369040936,0.008142142297225952,-0.43191165188061353,0.3162717660693771,-0.5321452666072819,0.35047745307773076,0.38430930349638054,-0.2727800695765197,-0.4911406380818319,-0.13652804260446041,-0.411684854821381,-0.28763391957397183,-0.2057157557860164,0.016622249112856435,-0.2641822072806342,-0.10505118170012297,-0.4199910045513947,-0.2576634341056095,-0.42977110357818865,0.2580574710640439,0.2333484016632112;
 -0.3220359690587201,-0.5094553649504434,0.04584150407844974,0.07967090042129549,-0.0946374320526665,0.49158570418271597,-0.4557581131494037,-0.20526608886935277,0.3975775572059433,0.3326080408650555,-0.06726901962309566,0.4649627772356807,-0.35447829195861824,-0.20337952420994604,0.4663122912963531,0.4975129091190383,0.06707172725047868,1.0,-0.27459508302611785,-0.1052292565335074,0.41443538025422505,0.3472137233039053,0.14591168485850123,-0.06445927123255413,0.13490781134605295,0.32165894053570715,-0.42243080607930933,0.4282071290149642,0.4121180179971385,0.26533875148903896,0.17944986853078787,-0.40917933325801364,-0.3976247315666564,0.2544066601948341,0.09773199926189759,-0.30147483157611477,0.3475652793934741,-0.13352991066085804,0.4594803285019581,-0.33790604967288324,-0.363101459559551,0.19307211227096707,-0.3677986887722223,-0.014704878723872801,0.31133174748521936,0.1747709054725581,0.1484639288780517,-0.44032104560251883,-0.459090787757698,0.3624824576975797,0.5215270366493101;
 0.3671501447616007,0.42210306766941547,-0.3267750795795989,-0.2186687897008836,-0.45166854155900316,-0.33664514114579774,-0.4366369766480101,-0.24141588326611632,0.43112862413766445,0.2777300158620347,-0.08232688856220388,-0.33347115225269397,-0.08929040795912767,0.35286159386299476,-0.4398019684907621,-0.5098141184174508,0.2224385928635028,-0.27459508302611785,1.0,0.22702188166556847,-0.3116808510669731,-0.4750784629212485,-0.2016892644373824,-0.1756713890978951,0.5638493555408166,-0.23771751654312998,-0.06465509805952278,0.21278986556092938,-0.2462088109279706,0.33274698431846056,-0.5218830149137188,-0.19964802179603083,0.383505059328433,-0.4006539175063524,-0.4095587656086678,0.08150142068452718,-0.41585357964176695,-0.4624189420757542,-0.4730393906768789,0.2019863071909363,-0.15422292402158305,0.18193757101145322,-0.005418190527886212,0.41258171588550546,-0.282549746223312,0.4184161684558442,-0.2407247724110844,-0.4318025735150988,-0.10078008937758381,-0.04268237415919864,0.156078828501681;
 -0.3165655096664938,0.2550915939190019,-0.3766004841922738,-0.3106167986969176,0.179628719014415,-0.4080946997482324,-0.2115615153538184,0.17920107199622917,0.40671507685398967,0.3123354887084523,-0.4530068703257852,-0.012873345720587563,-0.5362184482284357,0.235519402150313,0.3894552338415102,-0.5153024188010983,-0.2798789475828671,-0.1052292565335074,0.22702188166556847,1.0000000000000002,-0.2859583137523947,-0.5609743743569742,-0.3417913771691757,-0.02938080841153448,0.30547009161491606,-0.34440608213616797,0.1873941397650663,0.21338503362782615,0.23228307699180112,-0.2375824320769194,-0.3173671917691566,-0.5613400938098418,0.20351130930458602,-0.3973631329957079,0.4573747615961438,0.36239404925272667,0.15798338770365813,-0.024713786554500593,0.3296021036717938,-0.30052609426927407,0.5027049623397715,0.094487958262972,-0.30714163454489,-0.3763865677970073,0.3780342370766489,0.2842317303302633,0.15563793734071488,0.44282658842873124,0.3981790906192941,-0.35870578490887556,0.005612700450466949;
 0.2028223805237601,-0.22855499539726065,0.18642420409062488,-0.04906271510805723,-0.5223594511154924,0.19804484481918638,-0.12757590424889897,0.1924291952287581,-0.3475892794905877,0.45015420086267766,0.27428207739900984,0.33194359440660676,0.13975187785615964,0.24022723700730483,0.3448303993211982,0.04260116891638759,0.30478964440768586,0.41443538025422505,-0.3116808510669731,-0.2859583137523947,1.0000000000000002,0.4739751558316536,-0.3016914367083137,0.13542149546768908,0.21119511018664103,0.41639882193437777,0.22955305808424703,0.3662597903421645,0.4907984286356662,0.07624550535223028,0.3377215696460278,-0.2217747377238881,-0.42095835091609196,0.5427993615638093,0.38908512497941455,0.49428868208786403,0.38173408059204644,0.3559813597708031,-0.18859944520460453,-0.35649488986231076,-0.5194793078606933,0.3151065808664523,0.4309154080698742,-0.21108244524827402,-0.18835888528351938,-0.5284905276432066,-0.342385779715802,-0.11941793258914736,-0.3991593953651659,0.2657711992617367,-0.040233510943994785;
 -0.346610066787736,-0.40645167382669717,0.3492024520429283,0.30597965441783137,-0.17788253441283225,0.3886449289147532,0.5180807487458367,0.12732870343600433,-0.208646053285027,0.00690208674713938,0.37382177876358846,0.3855488485949851,0.26359897594768095,-0.46180288207864073,-0.15480153076725775,0.17669022900564488,-0.11445249378217728,0.3472137233039053,-0.4750784629212485,-0.5609743743569742,0.4739751558316536,1.0,0.4506064937395963,-0.47056795805909657,-0.16154959560495263,0.47974701941039927,0.27574033327311354,-0.22917297480010768,0.4776064957793365,0.292093941306721,0.132485479442375,-0.03888255657912994,-0.36615385270194367,-0.02539110906840366,0.004115926369864014,-0.2184069205382906,0.14948472295078832,0.3530265871465968,0.12476032558747668,0.319659452832283,-0.16264407350045718,0.4303428123996546,0.29338130018719144,-0.36741303258776625,-0.3939797970281393,-0.294198608667508,-0.4599921181268824,-0.345208351191508,-0.2962894687656538,-0.0783451240767351,0.38739918914321064;
 -0.26237770121530984,-0.45905616949827305,0.47597548619969066,0.3524593043565488,0.4943778769245785,0.2111242675886027,0.4891599544909035,0.35739585240735666,0.07597330953239397,-0.3564231061777168,-0.01290820315908212,-0.3534251212553045,-0.33013672803859495,-0.32612512934491583,-0.32129540008874563,0.25026022334787673,-0.33703928595931965,0.14591168485850123,-0.2016892644373824,-0.3417913771691757,-0.3016914367083137,0.4506064937395963,0.9999999999999999,-0.20170812938617175,0.01864862178698154,-0.2658327318491535,-0.428894832859531,-0.3160525134719176,0.23173923511953748,0.5570704306549423,0.31506772324375376,0.409277634738916,-0.3977345631611453,-0.4828957394070252,-0.38867368514408995,-0.536167451656175,-0.36714993426440057,-0.25447270869098754,0.4344973825058284,0.18524799183473747,-0.2008308044547814,0.11914271791665444,0.06901672245578015,-0.05164170931980569,-0.3609957638593199,0.21611136226310523,0.04518685523826089,-0.12861313455451834,-0.003873969427930211,-0.3204980565345282,0.4731600951910971;
 0.34792263390057887,-0.12767079836704068,-0.01157438389787032,0.3125352070942868,0.4061276558365721,-0.4126536225437415,-0.31450099046196894,0.29913601263405437,-0.4310943952799862,0.1679300608170347,-0.2870269213952198,-0.4199123499500207,-0.2393033204043194,0.5048521327851785,0.5576461167765219,0.3974738374611964,0.4697409281226931,-0.06445927123255413,-0.1756713890978951,-0.02938080841153448,0.13542149546768908,-0.47056795805909657,-0.20170812938617175,0.9999999999999999,-0.021971214121437085,-0.032101021965943576,-0.33382612833618464,0.013525156111474932,-0.39392247393497704,-0.4246201635296321,0.36816428965235565,0.5069059386086227,-0.4177334347881794,0.40269852919436283,0.009207891760960932,0.3270551925623123,0.0036359122563946857,-0.39442197170860155,-0.23338212487602703,-0.44525782508391276,-0.4052882566537975,-0.36095476738721977,-0.13907311710736364,0.08152471356626424,0.026194179454855304,-0.4099170237394469,0.4122086894878945,0.35597409605978936,0.2618580902531652,0.40614584523854796,-0.3359080746772133;
 0.36030956540680653,0.25962761831441866,0.2742107396188572,-0.3113102871451799,-0.286412408733563,-0.2446748556845428,-0.4213831660423951,0.25896301399296534,0.15477219306007442,0.4561754431340704,-0.4132753235768391,-0.4820826516923211,-0.4617046709303784,0.3319691998876499,-0.08064628265488409,-0.37341812257918383,0.2836280518686335,0.13490781134605295,0.5638493555408166,0.30547009161491606,0.21119511018664103,-0.16154959560495263,0.01864862178698154,-0.021971214121437085,1.0000000000000002,-0.29613258292811845,-0.232989843950021,0.29786725575836803,0.4606860202429586,0.5171051084595343,-0.07901687004940583,-0.39826570973908415,-0.34367016260854566,-0.30485040488278303,-0.1788660061233588,0.5081505244768892,0.04907135715384152,-0.21941508559025025,0.01901968236429317,-0.46226158165502607,-0.4318200413685717,0.21328317725740198,0.21819384892381127,-0.07298433669140632,-0.35322060133863503,0.38783119021303847,-0.4468354007562756,-0.11935830709521345,-0.4132505684050184,-0.3902010741856167,0.44170089424837583;
 -0.30814789061549946,-0.047016158897641526,-0.20487739303639868,0.5241798276787022,-0.24139896704470512,-0.1069852924480289,-0.1272081195145804,-0.3722292905060702,-0.25925304149925626,0.4529388179178821,0.0026965747305828292,0.5415787648580823,0.4396865588657359,-0.3784647444742607,0.27618490436813936,0.41828658353120846,0.5429798386152146,0.32165894053570715,-0.23771751654312998,-0.34440608213616797,0.41639882193437777,0.47974701941039927,-0.2658327318491535,-0.032101021965943576,-0.29613258292811845,1.0000000000000002,0.3954157873515182,-0.32449402067400585,-0.1867140018141287,-0.4513385657650865,-0.4477705870095196,-0.22205948879968482,-0.24783135373817278,0.2475743379889943,-0.12397326420811014,-0.05340163632023124,0.47315547314645073,0.04330130364879424,-0.3066986763783442,0.3575836990409878,-0.03233947691371962,0.15816837299087688,-0.3546627213700226,-0.33291376513372894,-0.11388175816676091,-0.40253587451317663,-0.3938145947533334,-0.45109633102621827,-0.19867375579032592,0.413455517447826,0.31856042911913135;
 -0.28706645535783337,0.20075716484937725,-0.3496694133925387,0.06587969191747207,-0.3323606800529964,-0.31938606440114725,0.44512298482763296,0.11522788596911983,-0.2437983917541412,0.2638752579263271,0.29691964677081784,0.41384902479834274,0.42923361920775494,0.0029763641223538788,-0.006060112669223787,-0.5438127141811296,-0.11110155799032068,-0.42243080607930933,-0.06465509805952278,0.1873941397650663,0.22955305808424703,0.27574033327311354,-0.428894832859531,-0.33382612833618464,-0.232989843950021,0.3954157873515182,1.0,-0.2303320916631153,0.10497941555534773,-0.40033017886841854,-0.42293145999850296,-0.2782559355327428,0.2740310030323629,-0.14869530596055294,0.42938883733592614,0.3750278795796335,0.1378477419554204,0.48139352852974127,-0.3677694456062101,0.4596128592039662,0.4501760482698625,0.4232859025889692,0.2391691754589022,-0.5409228953354788,-0.22882613729030804,-0.5223623179054115,-0.46351059404636463,0.11881780453160333,0.3378818606000888,-0.15127894419977272,-0.2132436881070546;
 0.19803266210338236,-0.3113745319457942,-0.2953153422933369,-0.4953149704379565,-0.4896518640566217,0.41135563516461326,-0.4734027161267984,-0.023179700272611355,0.5606585339191623,0.24606435692502507,0.3801584124673474,0.2945359216229793,-0.35482030791813796,0.5898812137206694,0.24878137058194802,-0.27949026943978666,-0.25265803569600026,0.4282071290149642,0.21278986556092938,0.21338503362782615,0.3662597903421645,-0.22917297480010768,-0.3160525134719176,0.013525156111474932,0.29786725575836803,-0.32449402067400585,-0.2303320916631153,1.0,0.3596944164111438,0.4207228210201151,0.36891595192938637,-0.3112199233903166,0.2590616216807976,0.31522867555537654,0.5159541220131101,0.08395361428662222,-0.1825763507005827,-0.03601281391775665,0.03496864437943898,-0.4394648706147242,-0.3671104996804098,0.3067448297705749,0.1848889083707555,0.43654087875213227,0.3315775997328867,0.0692277780853571,0.3781531876747353,-0.17279685634188774,-0.13214987170382642,0.3930093410071846,-0.24417336504831652;
 -0.22615160475678242,-0.2584831163757426,0.35693364959945034,-0.32370140416271337,-0.17292081015502353,0.3131103264481145,0.19772610761183324,0.46742973621555123,0.15055913039430885,0.19455116855737042,0.056674535906127164,0.16863124957715342,-0.3826443016377629,0.009324739208969455,0.12942957161295932,-0.33160390374673765,-0.4016608032015688,0.4121180179971385,-0.2462088109279706,0.23228307699180112,0.4907984286356662,0.4776064957793365,0.23173923511953748,-0.39392247393497704,0.4606860202429586,-0.1867140018141287,0.10497941555534773,0.3596944164111438,1.0000000000000002,0.5035753078293594,0.32440958475093606,-0.49219305440023836,-0.3258812068925001,-0.16281203366886962,0.4869774744010023,0.28279693809046813,0.2319977030911029,0.40806293969686697,0.529369959361712,-0.4021940595494519,-0.10505023152791057,0.4707712307492241,0.40590986664233036,-0.4547440100587071,-0.07567809704347814,0.06943357391534334,-0.2719554767014413,0.11236840524872056,-0.24687693551358608,-0.4476412598828248,0.2948123121862167;
 0.19765878527324904,-0.28806105985602287,0.32201078266563693,-0.2608718551173483,-0.313939735017093,0.45301202797739737,0.04993805902478893,0.16857066484720026,0.42034104074192,-0.09636800717909742,0.30751838034100226,-0.20163002696098262,-0.29871577720070774,0.12579970375234253,-0.4954938987935715,-0.24630410906751704,-0.3082438117821639,0.26533875148903896,0.33274698431846056,-0.2375824320769194,0.07624550535223028,0.292093941306721,0.5570704306549423,-0.4246201635296321,0.5171051084595343,-0.4513385657650865,-0.40033017886841854,0.4207228210201151,0.5035753078293594,1.0000000000000002,0.3240701581665286,-0.013352268267932264,-0.0488026925572476,-0.2790416791723459,-0.18666382803986162,-0.23728569916393505,-0.4626870669820079,-0.13665684185515647,0.15476476758681554,-0.04641939324811332,-0.5048003791961658,0.3907185626295251,0.45741144878223894,0.35647942704454544,-0.34707143853154354,0.3766184256257408,-0.1255734457858258,-0.43174758838533844,-0.39364723731652235,-0.18682712442389815,0.3227943257372013;
 0.288187834040219,-0.5179110408304889,0.45128349841661947,-0.15425178417094118,0.20867687324797482,0.4854534438455488,0.2221412891634765,0.4715758800294404,-0.22062310066118374,-0.38186502704524583,0.3329433355958715,-0.15740514469954583,-0.20717309820821425,0.3015040177310499,0.14234595484608087,0.2144461589516836,-0.309843369040936,0.17944986853078787,-0.5218830149137188,-0.3173671917691566,0.3377215696460278,0.132485479442375,0.31506772324375376,0.36816428965235565,-0.07901687004940583,-0.4477705870095196,-0.42293145999850296,0.36891595192938637,0.32440958475093606,0.3240701581665286,0.9999999999999998,0.4918938779659612,-0.27573867951846337,0.443541773387459,0.332475941377471,0.020164860236903972,-0.17573247647938472,0.17534817868972022,0.274283428821152,-0.5135230152952199,-0.43705073569325437,-0.12517761584754047,0.5007270827362156,0.23213448776279832,0.08084559969479398,-0.25001389374131977,0.45396928281168675,0.34978653495293166,-0.02288614698725162,0.11582218443342523,-0.40803186424845456;
 0.30387808455222015,-0.2918023955210011,0.1876409464217568,0.4200133539347847,0.4399313218604335,-0.07173532353646701,0.4024374060881784,0.30649168460244364,-0.4391955133166171,-0.4709229603655151,0.2570669418018702,-0.48866579133638716,0.1146742937330269,0.1951195286766631,-0.20719724851518573,0.31434187698383503,0.008142142297225952,-0.40917933325801364,-0.19964802179603083,-0.5613400938098418,-0.2217747377238881,-0.03888255657912994,0.409277634738916,0.5069059386086227,-0.39826570973908415,-0.22205948879968482,-0.2782559355327428,-0.3112199233903166,-0.49219305440023836,-0.013352268267932264,0.4918938779659612,1.0000000000000002,-0.12009132732126072,0.11231937506920867,-0.29336563278297434,-0.2412649451552971,-0.5588107530526215,-0.2786785298192839,-0.2928252720362415,0.2041028450651579,-0.30886005178034376,-0.25951403404562945,0.2397417454907928,0.34312031639913465,-0.3229605648166889,-0.38430070532460453,0.35653956119602137,0.15762339093727473,0.3431904524823736,0.21993605686453746,-0.39735331992008865;
 0.053602350326518715,0.2885178292445675,-0.5262029928814184,-0.473058612480628,-0.3616103463342165,0.21792115061749967,0.02555950367317317,-0.49257869391567105,0.4343317799093789,-0.34139774686698515,0.4611866660063718,0.3366583874343439,0.36597863596056496,0.060890270137209435,-0.3951558160764617,-0.46606041367326,-0.43191165188061353,-0.3976247315666564,0.383505059328433,0.20351130930458602,-0.42095835091609196,-0.36615385270194367,-0.3977345631611453,-0.4177334347881794,-0.34367016260854566,-0.24783135373817278,0.2740310030323629,0.2590616216807976,-0.3258812068925001,-0.0488026925572476,-0.27573867951846337,-0.12009132732126072,1.0000000000000002,0.009705897145944723,0.1866358047084731,-0.24733336776473588,-0.3265261270632967,0.2062352338096843,-0.21687913828751462,0.3828149353046696,0.5157537262955382,-0.038398710666513076,0.03505807408793487,0.4903942353722092,0.3843111675586009,0.20610017403892059,0.24747510379563392,-0.05044327922423113,0.21705247654634144,0.1089505430269333,-0.5153431830064515;
 0.4542487920336429,0.004229541970239782,0.1392875004847627,-0.2588322647676694,-0.26143579214025575,0.4555015467810304,-0.3289486249187388,-0.3449297492866764,-0.36508363757507084,-0.16310215972760456,0.23542107216746233,0.32414766985978183,0.44545738526164685,0.05822496042544635,0.27026169108012776,0.4635394644994031,0.3162717660693771,0.2544066601948341,-0.4006539175063524,-0.3973631329957079,0.5427993615638093,-0.02539110906840366,-0.4828957394070252,0.40269852919436283,-0.30485040488278303,0.2475743379889943,-0.14869530596055294,0.31522867555537654,-0.16281203366886962,-0.2790416791723459,0.443541773387459,0.11231937506920867,0.009705897145944723,1.0000000000000002,0.21850540671510055,0.14611525579821982,0.3954808442002023,0.3703691094208297,-0.13291358323041824,-0.42762298566231105,-0.22453934768174125,-0.45761647409235073,0.12581003357822165,0.36222257047406387,0.43600275671145944,-0.2831456644000633,0.2298639343888842,0.09864737465201388,-0.3751757484008473,0.542496582690158,-0.5175264924651058;
 -0.29562197162993287,-0.3126434263862701,-0.31773229443172724,-0.2744316670492194,-0.09274447493285257,0.14529696261980046,0.16734978541471507,0.35119025576845725,0.11672923752010989,0.16930993560929405,0.34741616750328,0.5097017485988188,-0.19699489041927726,0.3722250053929559,0.5428269862870985,-0.3838079989906022,-0.5321452666072819,0.09773199926189759,-0.4095587656086678,0.4573747615961438,0.38908512497941455,0.004115926369864014,-0.38867368514408995,0.009207891760960932,-0.1788660061233588,-0.12397326420811014,0.42938883733592614,0.5159541220131101,0.4869774744010023,-0.18666382803986162,0.332475941377471,-0.29336563278297434,0.1866358047084731,0.21850540671510055,0.9999999999999998,0.3278320388287086,0.12360592432575247,0.4543645561399734,0.21098952962979767,-0.2913475110563042,0.23331357578432027,0.3311981189683586,0.21067207724173104,-0.30738674020899204,0.38367265705363557,-0.4160368771015969,0.31450152963727024,0.4435298318113564,0.39626172150252265,0.0844576345790649,-0.4768863205551857;
 0.41780857764597046,0.4441363077330362,0.1687382041242419,-0.3012733992770761,-0.2262368668975681,-0.4741463907558511,-0.12498637655477055,0.414205675647018,-0.49514721390216215,0.3939407575498051,-0.27410313625575833,-0.27527952639817505,-0.005209932990979035,0.4534832482216902,0.24110925370433303,-0.4286091125619629,0.35047745307773076,-0.30147483157611477,0.08150142068452718,0.36239404925272667,0.49428868208786403,-0.2184069205382906,-0.536167451656175,0.3270551925623123,0.5081505244768892,-0.05340163632023124,0.3750278795796335,0.08395361428662222,0.28279693809046813,-0.23728569916393505,0.020164860236903972,-0.2412649451552971,-0.24733336776473588,0.14611525579821982,0.3278320388287086,1.0,0.37029069312408347,0.313078386400736,-0.24325848382768955,-0.5065526249825709,-0.08240269355166921,-0.00659005433445945,0.4158235863144443,-0.40130510440649164,-0.20540534972779637,-0.28720659478548727,-0.427063939308984,0.48800229974301895,-0.043478924053843085,-0.30651189332722123,-0.2396198503721155;
 -0.09454174265211773,0.39258545101917525,0.32230502351922763,-0.20465607448153175,-0.015228413793135715,0.07216571148503,-0.27100620098324973,-0.2776726967867096,-0.33585575410010726,0.1420506254943549,-0.5156031333249347,0.305483830945446,0.22551663479237508,-0.49941424082852154,0.3851738987110024,0.3391570306245891,0.38430930349638054,0.3475652793934741,-0.41585357964176695,0.15798338770365813,0.38173408059204644,0.14948472295078832,-0.36714993426440057,0.0036359122563946857,0.04907135715384152,0.47315547314645073,0.1378477419554204,-0.1825763507005827,0.2319977030911029,-0.4626870669820079,-0.17573247647938472,-0.5588107530526215,-0.3265261270632967,0.3954808442002023,0.12360592432575247,0.37029069312408347,1.0000000000000004,0.513274064061812,0.3597087926203425,-0.4538923300127168,0.2912459105765938,-0.3805232307240282,-0.25518628972736335,-0.4846358517500605,0.3993735227469895,0.10755948354629163,-0.3354704724479628,0.2518071409818952,-0.47284916674078964,-0.19245299673597305,0.20955294233543917;
 0.06089627585424944,0.3141999591698442,0.3731967971037412,-0.5603403234652711,-0.2653542291637929,0.43494962717577235,0.398054958533644,-0.06434520451181996,-0.3689902299950309,-0.384848438982726,0.24103697397473897,0.38738860141866893,0.5542337982803288,-0.3421543926477182,-0.15704180726290567,-0.19574396164039803,-0.2727800695765197,-0.13352991066085804,-0.4624189420757542,-0.024713786554500593,0.3559813597708031,0.3530265871465968,-0.25447270869098754,-0.39442197170860155,-0.21941508559025025,0.04330130364879424,0.48139352852974127,-0.03601281391775665,0.40806293969686697,-0.13665684185515647,0.17534817868972022,-0.2786785298192839,0.2062352338096843,0.3703691094208297,0.4543645561399734,0.313078386400736,0.513274064061812,1.0000000000000004,0.2303076286509525,-0.16268385276923733,0.4573680636283775,-0.18196831612561892,0.48564796816832134,-0.256387901415095,0.25638732254733454,-0.09162419817829368,-0.299032969411263,0.4289862688577566,-0.2592981059752112,-0.382207490519272,-0.36132148712528056;
 -0.45629270771760816,-0.1763340327383886,0.38564876116295094,-0.24244952884955534,0.503590791919847,0.42017246050213575,0.09942976866540566,0.09481039544432701,0.27865041119672374,-0.3075756163168383,-0.3612804737914722,0.09613448251487133,-0.4482628004272343,-0.4696145940081329,0.21822750561963564,0.23140444901797624,-0.4911406380818319,0.4594803285019581,-0.4730393906768789,0.3296021036717938,-0.18859944520460453,0.12476032558747668,0.4344973825058284,-0.23338212487602703,0.01901968236429317,-0.3066986763783442,-0.3677694456062101,0.03496864437943898,0.529369959361712,0.15476476758681554,0.274283428821152,-0.2928252720362415,-0.21687913828751462,-0.13291358323041824,0.21098952962979767,-0.24325848382768955,0.3597087926203425,0.2303076286509525,1.0,-0.4377360937932972,0.33654541228946866,-0.19848665702156618,-0.2520667333072522,-0.285684278583871,0.521741772077535,0.5084531109674156,0.27418783129323565,0.34597117747144385,-0.11652679549859424,-0.43691291201737564,0.3145977139498098;
