G=[1.0000000000000002,0.512233737891229,-0.4529188870790789,-0.40498096287895546,-0.5415554982972407,0.51223373804545,-0.15367866589362014,0.5327125971774556,0.40498096234859604,0.4153646130878002,-0.4872295300068698,0.21731916191548623,0.2256793204947505,-0.26746348119780616,-0.26509791228466095,-0.05234718653180877,0.2557941959910356,0.05315769795408036,-0.6317691329962334,-0.4705046984611788;
 0.512233737891229,1.0000000000000002,-0.415364613175405,-0.5122337378720573,-0.22567932057280132,0.40498096262975203,-0.2674634809912,0.26509791207753397,-0.4049809626406115,0.5415554981979529,0.2557941961558015,-0.4529188873382113,0.2173191621065402,-0.4705046985215932,0.1536786658362275,0.48722952987178,-0.05315769785852116,-0.6317691330372324,0.05234718688840723,-0.5327125970970683;
 -0.4529188870790789,-0.415364613175405,1.0000000000000002,0.5415554981920825,-0.2892992771052963,0.21731916189842554,0.5152932790863309,-0.5602201667413413,0.22567932087997183,-0.003343992260208475,0.5035134937178926,0.00334399266794311,-0.289299277574943,-0.3294344154019429,-0.6352587260364874,0.4964610914556094,-0.29199570990116164,0.4169923752718733,0.2006240348433732,0.41549609560554757;
 -0.40498096287895546,-0.5122337378720573,0.5415554981920825,0.9999999999999999,0.21731916235578608,0.40498096234297193,0.4705046985622987,0.15367866561300178,0.512233737990757,-0.2256793209717829,0.05315769798746814,0.41536461297134214,0.4529188872238324,0.5327125970876642,-0.26746348086150734,0.25579419636112244,-0.6317691330404797,-0.05234718674650127,0.487229529971884,0.2650979118646815;
 -0.5415554982972407,-0.22567932057280132,-0.2892992771052963,0.21731916235578608,1.0000000000000002,-0.41536461298879696,-0.5602201667736093,0.3294344153049286,-0.4529188870432321,-0.0033439921913495005,0.20062403540366455,0.2892992772562969,-0.0033439918665490154,0.6352587259268054,0.4154960955867204,-0.4169923750373414,-0.49646109148244116,-0.503513494043546,0.29199570978672285,0.5152932792295756;
 0.51223373804545,0.40498096262975203,0.21731916189842554,0.40498096234297193,-0.41536461298879696,1.0000000000000002,0.26509791227765633,0.4705046985018199,0.512233738122262,0.45291888694418747,0.05234718626731239,0.2256793206265112,0.5415554982116992,-0.15367866596071725,-0.5327125971264078,0.6317691330863511,-0.4872295299480324,-0.2557941961224228,0.05315769779775884,-0.267463481497937;
 -0.15367866589362014,-0.2674634809912,0.5152932790863309,0.4705046985622987,-0.5602201667736093,0.26509791227765633,1.0000000000000002,-0.4559826475476722,0.5327125972057959,-0.6352587259250373,-0.20937776269654315,-0.3294344152824182,0.4154960953097315,0.038963378831166885,-0.038963379082656825,0.4877566906811311,0.23195638708082114,0.32880950392972313,0.4503095044435524,-0.4559826476081465;
 0.5327125971774556,0.26509791207753397,-0.5602201667413413,0.15367866561300178,0.3294344153049286,0.4705046985018199,-0.4559826475476722,1.0000000000000002,0.26746348118911706,0.41549609558198897,-0.3288095039802614,0.6352587259371395,0.5152932792122394,0.455982647333931,-0.03896337915959075,-0.23195638726766665,-0.4503095043778812,-0.4877566903977697,-0.2093777631343958,-0.03896337895361869;
 0.40498096234859604,-0.4049809626406115,0.22567932087997183,0.512233737990757,-0.4529188870432321,0.512233738122262,0.5327125972057959,0.26746348118911706,1.0,-0.21731916226002918,-0.6317691329926831,0.5415554982387324,0.4153646130938321,0.2650979122546831,-0.47050469852520915,-0.05315769752554046,0.05234718612062008,0.48722952980358514,-0.2557941960335405,-0.1536786660145228;
 0.4153646130878002,0.5415554981979529,-0.003343992260208475,-0.2256793209717829,-0.0033439921913495005,0.45291888694418747,-0.6352587259250373,0.41549609558198897,-0.21731916226002918,0.9999999999999999,0.4964610914098532,0.2892992771126215,-0.289299277304933,-0.5152932792570124,-0.5602201667523917,0.20062403514910152,-0.5035134938918552,-0.2919957098560903,-0.4169923751795678,0.32943441536613755;
 -0.4872295300068698,0.2557941961558015,0.5035134937178926,0.05315769798746814,0.20062403540366455,0.05234718626731239,-0.20937776269654315,-0.3288095039802614,-0.6317691329926831,0.4964610914098532,1.0,-0.29199570978506423,-0.4169923751174642,-0.48775669049218545,-0.2319563869583539,0.554541109318088,-0.5545411092876505,-0.3403009623106057,0.3403009623325414,0.45030950439280276;
 0.21731916191548623,-0.4529188873382113,0.00334399266794311,0.41536461297134214,0.2892992772562969,0.2256793206265112,-0.3294344152824182,0.6352587259371395,0.5415554982387324,0.2892992771126215,-0.29199570978506423,1.0000000000000002,0.0033439924326609336,0.41549609562933076,-0.515293279187489,-0.5035134936024742,-0.41699237541706435,0.20062403509499338,-0.496461091642503,0.560220166798353;
 0.2256793204947505,0.2173191621065402,-0.289299277574943,0.4529188872238324,-0.0033439918665490154,0.5415554982116992,0.4154960953097315,0.5152932792122394,0.4153646130938321,-0.289299277304933,-0.4169923751174642,0.0033439924326609336,1.0,0.5602201669098054,0.3294344153762746,0.2919957095491327,-0.20062403523061792,-0.4964610915885928,0.5035134938007941,-0.6352587259004276;
 -0.26746348119780616,-0.4705046985215932,-0.3294344154019429,0.5327125970876642,0.6352587259268054,-0.15367866596071725,0.038963378831166885,0.455982647333931,0.2650979122546831,-0.5152932792570124,-0.48775669049218545,0.41549609562933076,0.5602201669098054,1.0,0.4559826474994629,-0.4503095045820746,-0.2093777625568067,-0.2319563870744434,0.32880950357550215,0.03896337897731135;
 -0.26509791228466095,0.1536786658362275,-0.6352587260364874,-0.26746348086150734,0.4154960955867204,-0.5327125971264078,-0.038963379082656825,-0.03896337915959075,-0.47050469852520915,-0.5602201667523917,-0.2319563869583539,-0.515293279187489,0.3294344153762746,0.4559826474994629,1.0,-0.20937776308237235,0.3288095041688122,-0.4503095043014473,0.48775669061692617,-0.4559826472103534;
 -0.05234718653180877,0.48722952987178,0.4964610914556094,0.25579419636112244,-0.4169923750373414,0.6317691330863511,0.4877566906811311,-0.23195638726766665,-0.05315769752554046,0.20062403514910152,0.554541109318088,-0.5035134936024742,0.2919957095491327,-0.4503095045820746,-0.20937776308237235,1.0000000000000002,-0.3403009622380251,-0.34030096198810067,0.554541109362043,-0.3288095038996722;
 0.2557941959910356,-0.05315769785852116,-0.29199570990116164,-0.6317691330404797,-0.49646109148244116,-0.4872295299480324,0.23195638708082114,-0.4503095043778812,0.05234718612062008,-0.5035134938918552,-0.5545411092876505,-0.41699237541706435,-0.20062403523061792,-0.2093777625568067,0.3288095041688122,-0.3403009622380251,0.9999999999999998,0.5545411092642752,-0.3403009617665246,-0.48775669045456677;
 0.05315769795408036,-0.6317691330372324,0.4169923752718733,-0.05234718674650127,-0.503513494043546,-0.2557941961224228,0.32880950392972313,-0.4877566903977697,0.48722952980358514,-0.2919957098560903,-0.3403009623106057,0.20062403509499338,-0.4964610915885928,-0.2319563870744434,-0.4503095043014473,-0.34030096198810067,0.5545411092642752,1.0,-0.5545411093619024,0.209377762647009;
 -0.6317691329962334,0.05234718688840723,0.2006240348433732,0.487229529971884,0.29199570978672285,0.05315769779775884,0.4503095044435524,-0.2093777631343958,-0.2557941960335405,-0.4169923751795678,0.3403009623325414,-0.496461091642503,0.5035134938007941,0.32880950357550215,0.48775669061692617,0.554541109362043,-0.3403009617665246,-0.5545411093619024,1.0,-0.23195638742602362;
 -0.4705046984611788,-0.5327125970970683,0.41549609560554757,0.2650979118646815,0.5152932792295756,-0.267463481497937,-0.4559826476081465,-0.03896337895361869,-0.1536786660145228,0.32943441536613755,0.45030950439280276,0.560220166798353,-0.6352587259004276,0.03896337897731135,-0.4559826472103534,-0.3288095038996722,-0.48775669045456677,0.209377762647009,-0.23195638742602362,0.9999999999999999;
 ];

idx = [1,4,6,2,9,3,10,5,13,12,7,8,14,15,20,11,19,17,16,18];
Gs = G(:,idx);
Gs = Gs(idx,:);
