[[ 1.      0.5122 -0.4529 -0.405  -0.5416  0.5122 -0.1537  0.5327  0.405   0.4154 -0.4872  0.2173  0.2257 -0.2675 -0.2651 -0.0523  0.2558  0.0532 -0.6318 -0.4705]
 [ 0.5122  1.     -0.4154 -0.5122 -0.2257  0.405  -0.2675  0.2651 -0.405   0.5416  0.2558 -0.4529  0.2173 -0.4705  0.1537  0.4872 -0.0532 -0.6318  0.0523 -0.5327]
 [-0.4529 -0.4154  1.      0.5416 -0.2893  0.2173  0.5153 -0.5602  0.2257 -0.0033  0.5035  0.0033 -0.2893 -0.3294 -0.6353  0.4965 -0.292   0.417   0.2006  0.4155]
 [-0.405  -0.5122  0.5416  1.      0.2173  0.405   0.4705  0.1537  0.5122 -0.2257  0.0532  0.4154  0.4529  0.5327 -0.2675  0.2558 -0.6318 -0.0523  0.4872  0.2651]
 [-0.5416 -0.2257 -0.2893  0.2173  1.     -0.4154 -0.5602  0.3294 -0.4529 -0.0033  0.2006  0.2893 -0.0033  0.6353  0.4155 -0.417  -0.4965 -0.5035  0.292   0.5153]
 [ 0.5122  0.405   0.2173  0.405  -0.4154  1.      0.2651  0.4705  0.5122  0.4529  0.0523  0.2257  0.5416 -0.1537 -0.5327  0.6318 -0.4872 -0.2558  0.0532 -0.2675]
 [-0.1537 -0.2675  0.5153  0.4705 -0.5602  0.2651  1.     -0.456   0.5327 -0.6353 -0.2094 -0.3294  0.4155  0.039  -0.039   0.4878  0.232   0.3288  0.4503 -0.456 ]
 [ 0.5327  0.2651 -0.5602  0.1537  0.3294  0.4705 -0.456   1.      0.2675  0.4155 -0.3288  0.6353  0.5153  0.456  -0.039  -0.232  -0.4503 -0.4878 -0.2094 -0.039 ]
 [ 0.405  -0.405   0.2257  0.5122 -0.4529  0.5122  0.5327  0.2675  1.     -0.2173 -0.6318  0.5416  0.4154  0.2651 -0.4705 -0.0532  0.0523  0.4872 -0.2558 -0.1537]
 [ 0.4154  0.5416 -0.0033 -0.2257 -0.0033  0.4529 -0.6353  0.4155 -0.2173  1.      0.4965  0.2893 -0.2893 -0.5153 -0.5602  0.2006 -0.5035 -0.292  -0.417   0.3294]
 [-0.4872  0.2558  0.5035  0.0532  0.2006  0.0523 -0.2094 -0.3288 -0.6318  0.4965  1.     -0.292  -0.417  -0.4878 -0.232   0.5545 -0.5545 -0.3403  0.3403  0.4503]
 [ 0.2173 -0.4529  0.0033  0.4154  0.2893  0.2257 -0.3294  0.6353  0.5416  0.2893 -0.292   1.      0.0033  0.4155 -0.5153 -0.5035 -0.417   0.2006 -0.4965  0.5602]
 [ 0.2257  0.2173 -0.2893  0.4529 -0.0033  0.5416  0.4155  0.5153  0.4154 -0.2893 -0.417   0.0033  1.      0.5602  0.3294  0.292  -0.2006 -0.4965  0.5035 -0.6353]
 [-0.2675 -0.4705 -0.3294  0.5327  0.6353 -0.1537  0.039   0.456   0.2651 -0.5153 -0.4878  0.4155  0.5602  1.      0.456  -0.4503 -0.2094 -0.232   0.3288  0.039 ]
 [-0.2651  0.1537 -0.6353 -0.2675  0.4155 -0.5327 -0.039  -0.039  -0.4705 -0.5602 -0.232  -0.5153  0.3294  0.456   1.     -0.2094  0.3288 -0.4503  0.4878 -0.456 ]
 [-0.0523  0.4872  0.4965  0.2558 -0.417   0.6318  0.4878 -0.232  -0.0532  0.2006  0.5545 -0.5035  0.292  -0.4503 -0.2094  1.     -0.3403 -0.3403  0.5545 -0.3288]
 [ 0.2558 -0.0532 -0.292  -0.6318 -0.4965 -0.4872  0.232  -0.4503  0.0523 -0.5035 -0.5545 -0.417  -0.2006 -0.2094  0.3288 -0.3403  1.      0.5545 -0.3403 -0.4878]
 [ 0.0532 -0.6318  0.417  -0.0523 -0.5035 -0.2558  0.3288 -0.4878  0.4872 -0.292  -0.3403  0.2006 -0.4965 -0.232  -0.4503 -0.3403  0.5545  1.     -0.5545  0.2094]
 [-0.6318  0.0523  0.2006  0.4872  0.292   0.0532  0.4503 -0.2094 -0.2558 -0.417   0.3403 -0.4965  0.5035  0.3288  0.4878  0.5545 -0.3403 -0.5545  1.     -0.232 ]
 [-0.4705 -0.5327  0.4155  0.2651  0.5153 -0.2675 -0.456  -0.039  -0.1537  0.3294  0.4503  0.5602 -0.6353  0.039  -0.456  -0.3288 -0.4878  0.2094 -0.232   1.    ]]
