load "ComputeSymmetry.magma";
Attach("FrameSymmetry.m");
SetVerbose("FrameSymmetry",2);

CC<i> := RealField(32);

V:=Matrix(CC,4,12,[
[    -0.53451952080013798163093952098279,
    0.79878390293229251106765786971664,
    0.33274637375986637621849695278797,
    0.16970906873246918711295450066245,
    -0.29287147396138085708727771816484,
    -0.33686569256837040065022392809624,
    -0.21624900912793576512882509632618,
    -0.36481045205184586821545167367731,
    -0.91303818435493677707626147821429,
    -0.62016671040771020884108111204114,
    -0.58253489380420797605353300241404,
    -0.0041193188054543077025737574103914,
    0.031161465435908124871344782036431,
    0.52092090797107382105224360202556,
    -0.51527546965455051086735238641268,
    0.74281634460640044714807572745485,
    0.14417394883998960186666238314501,
    -0.37022506778003633209905842704757,
    -0.065578645161933915574969944373152,
    0.77397781004460763920604904342326,
    0.34351805217126729630194859055337,
    0.19934410331831031726323999464512,
    -0.45534226280182188428824474613066,
    -0.8855005374359333769618274345703,
    0.50278000779194353953016616287641,
    -0.29491482264115920219893496323493,
    0.69671916271647149621060179924825,
    0.01384537524483640293093689166426,
    -0.43862254723259047617389683182409,
    -0.42919341904283508926098988922604,
    0.95897182701321825870621751164435,
    0.51662538302666793921247290199972,
    -0.18212158619708593287889186740358,
    0.25650096104817826647703782327881,
    -0.66405700436913539519423466117587,
    0.26752574367205955718773680018785,
    0.67862368711990206371353906433797,
    0.060091026296609256762693007658527,
    0.37195893513343741831889133209188,
    -0.64748051380707449808937781199347,
    0.83728754515683934123160270246444,
    -0.75182971037863433050318917594268,
    -0.17119825450290448998202919028699,
    0.031143173326263984268535978117143,
    0.12324102232356157204939961502532,
    -0.71404652282302938370861511430121,
    0.11110722818668029854283219037825,
    -0.37987077524595597166623406337749
]
]);

G := FrameSymmetry(CanonicalGramian(V));


[[ 1.         -0.51823101  0.40880044 -0.5         0.5087107  -0.55747479  0.47951846  0.5         0.49080844 -0.01790226  0.03871255 -0.14867435]
 [-0.51823101  1.         -0.18574673  0.47951846  0.02083196 -0.38054359 -0.5        -0.03871255 -0.48925843 -0.5100904  -0.5        -0.56629032]
 [ 0.40880044 -0.18574673  1.         -0.55747479 -0.16590137 -0.5         0.56629032 -0.14867435 -0.56186357 -0.3959622  -0.38054359  0.5       ]
 [-0.5         0.47951846 -0.55747479  1.         -0.49080844  0.14867435  0.03871255  0.5         0.01790226  0.5087107  -0.51823101 -0.40880044]
 [ 0.5087107   0.02083196 -0.16590137 -0.49080844  1.         -0.3959622  -0.5100904   0.01790226  0.5        -0.5         0.48925843 -0.56186357]
 [-0.55747479 -0.38054359 -0.5         0.14867435 -0.3959622   1.         -0.18574673 -0.40880044  0.16590137  0.56186357  0.56629032  0.5       ]
 [ 0.47951846 -0.5         0.56629032  0.03871255 -0.5100904  -0.18574673  1.          0.51823101 -0.02083196  0.48925843 -0.5         0.38054359]
 [ 0.5        -0.03871255 -0.14867435  0.5         0.01790226 -0.40880044  0.51823101  1.          0.5087107   0.49080844 -0.47951846 -0.55747479]
 [ 0.49080844 -0.48925843 -0.56186357  0.01790226  0.5         0.16590137 -0.02083196  0.5087107   1.          0.5         0.5100904  -0.3959622 ]
 [-0.01790226 -0.5100904  -0.3959622   0.5087107  -0.5         0.56186357  0.48925843  0.49080844  0.5         1.          0.02083196  0.16590137]
 [ 0.03871255 -0.5        -0.38054359 -0.51823101  0.48925843  0.56629032 -0.5        -0.47951846  0.5100904   0.02083196  1.          0.18574673]
 [-0.14867435 -0.56629032  0.5        -0.40880044 -0.56186357  0.5         0.38054359 -0.55747479 -0.3959622   0.16590137  0.18574673  1.        ]]
